300 -83893
-17153 -17038
-71921 -71891
-20326 -20165
-29936 -29761
-20296 -20099
-79316 -79064
-12694 -12467
-73953 -73906
-68083 -67833
-62062 -61970
-26285 -26162
-44874 -44706
-82497 -82348
-29326 -29175
-19012 -18803
10902 10912
-69535 -69492
-79945 -79840
-33085 -32983
-16179 -15987
-3142 -3023
-67549 -67317
-73211 -73149
-11192 -11086
-37141 -36994
-43168 -43140
-60772 -60582
11282 11546
-17512 -17488
-18266 -18122
-63420 -63235
-4610 -4559
-12513 -12354
-18935 -18847
-31884 -31813
-79290 -79091
-71348 -71249
-70176 -70162
-28944 -28871
-31896 -31788
8743 8787
2294 2456
-22277 -22255
-4175 -4045
-6443 -6146
-67954 -67864
-16970 -16747
-51910 -51648
-79336 -79274
-48424 -48171
-65620 -65560
-34169 -33896
10643 10803
-56815 -56686
-56905 -56628
-71396 -71171
-1122 -908
5333 5589
-41669 -41499
-72630 -72516
-14469 -14274
-34419 -34373
-49507 -49211
-35862 -35585
-281 -103
-44486 -44243
-7845 -7634
-80878 -80705
-5155 -4867
-49606 -49327
-23417 -23293
3693 3786
4176 4288
-84484 -84394
-54032 -53924
-1508 -1361
-8905 -8672
-72654 -72613
-42525 -42332
-44214 -44157
-44049 -43766
-24205 -23962
-85896 -85807
4939 5010
-42104 -42009
-39340 -39162
5737 6032
6640 6669
-64313 -64171
2865 2894
-51317 -51030
-27475 -27300
-20182 -20082
-64369 -64167
-67535 -67448
-29751 -29481
-62723 -62688
-58804 -58752
4455 4596
-51259 -51215
-72841 -72708
-59332 -59035
-69367 -69150
-79609 -79309
-39051 -38977
-54549 -54334
-82095 -82045
-51565 -51529
-8583 -8414
-17994 -17822
-79229 -78946
-62632 -62605
-9982 -9973
-25334 -25252
-48960 -48954
-70118 -69952
-17345 -17098
-16168 -15965
-15871 -15683
-77354 -77263
-53101 -53050
-66386 -66256
-83866 -83740
-51573 -51312
-54633 -54566
-70661 -70484
-33046 -32806
-27771 -27744
-82895 -82762
-50594 -50521
-38194 -37971
-6229 -6219
-85956 -85907
-21011 -20868
-43640 -43439
-38147 -37947
-86971 -86770
-22389 -22339
-366 -249
-85340 -85294
-49872 -49764
-61314 -61107
-64292 -64209
-52422 -52413
-39415 -39323
-84858 -84617
-76538 -76534
-4661 -4363
-75271 -75095
-56828 -56798
-76543 -76363
-28664 -28367
-59278 -59112
-2606 -2565
-39902 -39745
-29762 -29651
-61556 -61523
9557 9790
-63724 -63686
-63553 -63271
-28441 -28301
-41199 -40973
-43516 -43390
-13170 -13009
-23952 -23668
3708 3937
-54025 -54019
-78189 -78032
-86223 -86204
-39045 -38993
-11359 -11248
6064 6106
-11535 -11464
-27331 -27240
-40145 -39938
7634 7752
-1015 -917
-25294 -25132
-75661 -75630
-23137 -23035
-86669 -86444
-58099 -57844
-62474 -62340
-53504 -53461
-28271 -28018
1275 1420
-19245 -19241
-20727 -20715
-11263 -11108
-7865 -7670
-33196 -33116
-85213 -85045
-70889 -70788
-60707 -60705
-81788 -81786
-56118 -56064
6502 6503
-2793 -2683
-24601 -24305
6768 6808
-86652 -86416
-28654 -28591
-41041 -41003
-66374 -66143
-1198 -1162
-2190 -2123
3505 3608
-2657 -2370
-51358 -51094
11467 11604
-24708 -24416
-77250 -77116
3090 3175
-68751 -68467
-85717 -85716
-84712 -84684
-13513 -13426
-27176 -27069
-49952 -49929
-13612 -13326
-46188 -45912
-39293 -39037
-40626 -40591
-36188 -36018
-49250 -49136
-70792 -70768
-16089 -15962
-51506 -51290
-75647 -75488
-12351 -12131
8272 8542
-58181 -57924
-32283 -31984
-69288 -69150
-72665 -72573
-32100 -31853
-68538 -68359
-60992 -60906
-70678 -70431
-47794 -47526
-3158 -2858
-32395 -32177
-84197 -84192
-77422 -77198
-85593 -85493
-4395 -4128
1474 1561
-21999 -21701
-49913 -49815
-86685 -86453
-47094 -47051
-15097 -14984
8585 8839
-383 -275
-14353 -14138
-68757 -68640
-78444 -78424
-45277 -45071
-6249 -6161
-69010 -68840
-53111 -52878
-48906 -48723
-56217 -56157
-65855 -65669
-46509 -46426
-34007 -33747
-49044 -49030
-8956 -8746
-59311 -59090
3542 3567
-83230 -83161
-4768 -4566
8941 9156
-79096 -78946
-55103 -55044
-74821 -74529
-35412 -35197
-77589 -77312
-5602 -5531
-5466 -5282
-16223 -16150
-44393 -44163
-187 -3
-32442 -32277
3090 3370
-8625 -8544
-35719 -35594
-27419 -27370
-14599 -14496
-65226 -65057
-26752 -26555
-59542 -59371
-58288 -58211
-26687 -26594
-86621 -86553
10166 10372
-18265 -17985
-65191 -65118
-69274 -69066
-83975 -83818
