50 -66033
-15375 -15358
-9959 -9955
-89617 -89605
-4658 -4656
-95452 -95442
-79626 -79622
-59725 -59712
-21846 -21836
-65737 -65724
-23922 -23912
-11420 -11407
-41113 -41109
-43282 -43280
-55705 -55699
-82194 -82176
-8811 -8798
-61569 -61556
-5332 -5315
-73726 -73716
-65975 -65973
-95429 -95420
816 821
-94907 -94903
-63877 -63873
-40507 -40494
-79884 -79866
-23443 -23425
-35414 -35402
-9788 -9785
-35033 -35031
-29366 -29354
-94099 -94097
-40355 -40346
-74305 -74286
-58397 -58394
-48231 -48230
-49758 -49757
-63223 -63211
-37432 -37428
-47284 -47275
-32211 -32202
-17387 -17383
-75197 -75196
-34966 -34948
-67526 -67508
-71957 -71945
-54111 -54091
-63993 -63979
-86360 -86356
-66036 -66032
