5000 23244
67483 67495
54891 54913
34437 34463
29576 29593
-15203 -15160
-26732 -26727
57855 57892
198 239
10181 10203
-12510 -12500
12973 12993
27885 27915
18989 19031
29270 29309
13301 13332
9977 10021
49998 50048
48529 48562
-10033 -9990
22492 22516
789 794
21404 21406
64308 64332
65792 65801
19880 19927
4087 4105
45536 45569
-26869 -26848
13778 13815
45726 45774
56791 56833
27606 27612
-30504 -30454
24662 24693
34965 34966
-30586 -30539
-26564 -26523
-16521 -16491
6011 6017
18968 19015
3480 3510
-4599 -4593
-24789 -24751
-18737 -18714
-7312 -7264
-26465 -26463
-19464 -19435
-5859 -5825
14359 14361
28427 28452
-6461 -6433
-21095 -21079
-21402 -21367
10673 10684
27185 27209
51239 51265
16110 16123
25742 25753
-18063 -18059
56681 56722
-470 -448
67753 67771
-3244 -3242
54374 54411
32176 32203
-13006 -12975
-29386 -29385
63360 63379
-1808 -1785
32060 32104
-24541 -24513
-14545 -14540
40638 40682
10242 10286
38026 38054
8225 8274
60236 60271
-7910 -7892
52823 52831
39421 39461
-11098 -11059
49802 49819
61965 62007
43343 43380
43362 43385
-3596 -3587
32466 32475
34580 34629
15587 15637
-24491 -24478
35912 35936
-27866 -27821
7381 7386
26657 26680
50083 50128
17688 17690
-22771 -22741
40370 40379
30924 30941
-13776 -13747
59097 59146
36437 36450
59288 59323
15475 15507
46012 46019
21867 21869
47681 47719
25069 25098
9528 9555
-24979 -24962
-29322 -29278
-21577 -21544
-21147 -21128
48782 48812
25348 25367
-21096 -21064
-5147 -5136
-23257 -23222
4475 4525
-14368 -14318
35085 35133
62125 62132
-30290 -30287
28462 28475
46683 46733
-9506 -9463
-14666 -14655
61765 61775
-2976 -2938
43832 43872
27962 27994
11242 11255
60505 60524
-27831 -27809
8801 8820
63445 63475
50616 50647
40624 40642
50057 50085
18638 18669
28785 28828
50161 50170
-20932 -20931
48111 48113
28767 28771
54842 54850
64151 64163
13769 13819
-7496 -7495
22399 22413
-21607 -21571
9082 9108
-16556 -16549
-5628 -5624
5200 5237
4510 4526
40514 40534
-9163 -9143
-16052 -16022
23770 23816
61750 61761
-23705 -23685
57105 57134
-2703 -2659
47013 47036
-5406 -5381
-15725 -15699
-16752 -16751
13889 13916
42047 42094
-31680 -31639
53136 53166
63408 63428
12208 12245
11841 11855
57544 57583
5084 5129
56266 56312
15453 15496
59453 59483
-16377 -16357
62827 62877
-11005 -11000
61146 61180
-4419 -4369
20062 20091
-28160 -28133
65814 65825
-21806 -21773
-970 -950
31827 31863
38219 38265
28141 28159
-7567 -7518
-9703 -9686
13994 14028
49085 49131
10810 10846
44928 44978
-14391 -14350
9217 9229
-6459 -6450
-612 -608
23156 23198
41194 41243
41251 41271
-9272 -9239
320 334
57018 57023
16564 16584
-4055 -4024
-21404 -21366
11688 11711
-29931 -29883
29382 29383
-5387 -5360
-1273 -1239
56153 56172
27731 27750
60064 60083
24151 24176
-2165 -2150
931 957
-3188 -3145
-9457 -9432
17233 17266
-18220 -18204
-24305 -24283
-18029 -17989
47719 47737
67277 67290
36515 36538
25216 25225
32625 32657
43186 43201
49263 49281
2001 2010
60874 60895
22578 22617
-1136 -1111
30011 30045
54756 54788
54177 54186
-17741 -17712
-13129 -13082
-23234 -23228
4850 4857
644 693
29015 29028
-25055 -25033
36490 36540
54476 54498
33459 33484
59561 59605
24354 24363
-16328 -16321
-20705 -20669
-5307 -5293
-11031 -11015
-30826 -30809
9640 9666
-30476 -30443
-12504 -12494
5059 5065
24689 24708
-12853 -12808
63509 63549
-25935 -25900
47123 47129
57349 57382
6702 6734
50202 50211
-23107 -23092
11811 11812
-20139 -20125
36628 36655
-7257 -7256
53605 53638
15780 15783
22438 22484
23709 23730
27917 27920
-19301 -19263
27387 27407
16845 16895
6688 6721
22563 22576
49696 49707
28923 28942
-8218 -8186
29980 30013
9735 9749
24230 24267
3246 3257
35286 35304
30791 30834
51284 51291
-9266 -9242
9578 9581
37469 37505
22796 22806
27209 27242
9416 9454
52803 52805
52694 52728
-12599 -12581
9567 9597
-21844 -21802
-21327 -21300
17154 17204
14179 14228
11132 11144
6240 6267
-1185 -1154
36244 36279
1236 1238
8919 8958
19680 19701
36158 36204
59365 59393
49892 49927
-13304 -13275
-14080 -14077
-26159 -26109
1161 1164
44150 44163
-5551 -5525
41552 41575
4305 4355
445 449
-19549 -19543
-15624 -15600
15861 15887
52399 52439
26512 26525
-2202 -2191
-13262 -13213
44893 44937
-22829 -22782
56786 56815
-31091 -31064
62002 62041
24686 24703
-31154 -31135
-2327 -2326
35091 35125
62579 62612
14085 14093
-23189 -23185
40052 40076
10245 10290
28029 28053
18696 18715
-2286 -2278
61575 61589
-16031 -16006
4276 4326
1246 1272
48456 48480
-16173 -16133
63277 63303
-29989 -29969
57173 57186
-20635 -20599
35219 35266
30134 30165
8025 8041
47478 47487
32950 32983
40866 40915
-7470 -7447
-5634 -5611
-16493 -16460
21466 21515
52838 52878
-26695 -26646
55257 55296
-22564 -22547
41190 41216
57870 57903
-7625 -7582
55706 55713
36289 36315
3966 4008
50047 50074
16235 16250
29396 29417
9435 9436
-16325 -16277
19091 19138
-8352 -8346
-21666 -21631
-28246 -28211
20049 20072
-23669 -23627
20217 20240
-10141 -10126
45756 45784
56246 56293
59094 59100
-19708 -19668
56328 56365
52253 52254
8554 8575
-9524 -9523
6447 6480
50494 50525
13723 13767
41273 41315
64611 64615
-8114 -8082
44182 44225
-11956 -11952
27614 27664
35020 35047
12590 12615
4242 4255
17866 17898
33189 33199
-15876 -15865
55319 55358
-9683 -9672
34736 34784
-8846 -8844
48745 48764
19966 19971
31990 32023
54057 54086
-8494 -8458
-29443 -29398
31023 31039
41894 41896
34629 34646
-7855 -7848
-23433 -23419
48413 48451
-16397 -16349
27037 27079
38048 38072
-12001 -11971
46219 46225
-5739 -5697
67853 67865
18282 18318
-6809 -6777
54860 54910
61885 61889
47625 47666
16767 16779
18015 18045
-18087 -18072
-23882 -23859
-19587 -19544
51446 51462
-9991 -9952
-30635 -30598
-9745 -9743
-10900 -10853
61110 61139
-15155 -15109
-9088 -9071
46997 47035
37916 37935
-19983 -19969
40199 40211
30992 30993
-15818 -15776
16135 16163
34762 34765
-25787 -25737
-13061 -13049
5868 5877
33463 33477
20079 20113
37946 37978
23160 23161
56143 56146
54326 54350
-2248 -2240
22871 22913
66731 66760
-28613 -28611
2655 2691
39220 39234
-15433 -15415
53412 53457
61092 61106
10711 10761
19391 19424
21575 21587
13262 13282
59285 59311
-2597 -2595
47737 47765
2365 2382
-11240 -11207
58062 58089
-13006 -12961
54042 54069
61467 61507
44500 44516
-32100 -32097
-16450 -16422
11622 11655
9216 9217
25400 25437
63751 63764
15290 15337
-24633 -24605
9918 9959
-6507 -6492
35679 35686
48508 48553
58198 58202
41656 41696
-22748 -22703
67088 67113
33084 33100
30765 30794
-21345 -21336
38798 38815
1937 1982
42965 42989
44407 44415
64074 64084
15769 15786
35936 35967
35435 35445
-10423 -10422
-18409 -18368
18545 18574
18939 18988
38382 38412
40078 40125
24837 24879
-10241 -10233
45864 45876
3593 3627
-14687 -14679
-10937 -10926
67446 67469
-3362 -3329
34995 35042
-6786 -6765
485 506
65490 65494
-19425 -19406
-29034 -28987
-6775 -6741
-23119 -23081
28835 28839
-8532 -8500
46701 46704
22309 22348
35019 35020
7295 7344
56763 56776
38803 38843
62586 62614
35240 35270
-9567 -9522
8432 8475
21000 21047
12609 12619
22059 22092
50426 50469
30142 30151
-444 -440
33197 33199
8380 8422
53232 53264
4821 4846
-1404 -1375
-667 -630
58894 58941
57238 57273
7096 7101
29227 29269
-19424 -19398
22957 22964
54532 54540
2485 2512
43400 43447
-24992 -24957
30087 30088
28000 28008
-7192 -7173
-18603 -18594
41016 41061
62887 62911
66090 66115
48576 48580
55896 55933
42040 42084
45399 45441
63109 63116
-29618 -29599
47157 47199
2191 2199
66634 66638
45708 45730
36995 37012
10822 10855
-16761 -16711
63150 63158
22614 22629
60867 60879
-10555 -10551
58005 58006
8623 8667
63270 63275
-2809 -2769
64699 64733
41074 41124
9327 9347
24107 24119
51106 51111
54094 54097
63934 63973
-29429 -29385
44453 44487
23112 23144
48903 48927
35404 35420
-21704 -21663
-19931 -19906
7155 7171
19938 19978
-30128 -30099
-2036 -1988
48913 48931
-3864 -3841
17192 17220
-31104 -31079
52209 52210
-19415 -19380
-5783 -5740
30861 30910
34328 34364
57092 57097
180 184
31628 31662
64852 64884
19291 19319
28080 28125
-29855 -29810
57422 57468
57973 58005
-26685 -26682
11339 11388
-2376 -2369
14370 14378
-21526 -21519
9476 9508
43033 43037
22508 22542
4193 4229
-15715 -15681
61371 61382
3878 3903
12367 12373
2089 2136
47774 47824
49819 49853
12635 12636
11425 11426
62554 62556
56503 56514
48153 48185
-10905 -10868
2796 2833
5063 5077
11059 11081
1942 1954
-4153 -4127
-2962 -2959
14426 14440
49930 49966
53422 53423
-26600 -26585
18400 18411
5604 5640
6152 6169
60163 60184
-24437 -24419
8900 8948
3370 3373
55269 55282
63546 63568
22436 22446
-18745 -18729
-17771 -17747
66204 66206
20992 21034
41531 41540
55174 55200
20410 20436
2959 2994
-19023 -19005
18142 18151
61020 61054
13273 13300
41351 41395
-21108 -21070
-7582 -7549
43595 43597
12924 12939
-17126 -17106
62042 62046
18375 18407
18441 18454
16437 16456
-2753 -2750
62118 62161
-4451 -4415
16410 16458
-3914 -3896
600 640
-20913 -20870
-31280 -31231
-22115 -22098
-26021 -26003
67693 67707
-29767 -29766
-1024 -976
38169 38182
28897 28910
-29088 -29079
-4585 -4546
-30406 -30375
62504 62508
1631 1659
1472 1480
29903 29905
64477 64513
66978 67016
29695 29738
-5396 -5348
50820 50848
30992 31011
61687 61721
-24799 -24798
-28541 -28517
18657 18670
-27380 -27363
65367 65368
18601 18651
4031 4043
14769 14789
-6043 -6038
48370 48409
59974 59992
3141 3174
66099 66144
66189 66239
21392 21427
54691 54707
21448 21451
30071 30092
-16622 -16595
8483 8527
-18577 -18548
14980 15029
-7037 -7014
52956 52985
59193 59231
50222 50270
-12409 -12359
31802 31831
-4118 -4115
66624 66626
3433 3483
-21568 -21538
-3459 -3456
33048 33085
131 171
-25865 -25835
37368 37370
21539 21587
36174 36213
42379 42406
18988 19020
-22349 -22338
30694 30702
15867 15881
-31161 -31135
-27656 -27647
4570 4572
13480 13519
-21443 -21400
23503 23515
28051 28087
-6229 -6219
5904 5909
6205 6245
-5194 -5189
5340 5363
13372 13401
36780 36815
39820 39832
27061 27081
14765 14786
8139 8156
-16222 -16209
-26751 -26737
67845 67850
20617 20654
34637 34656
-20909 -20897
-8103 -8101
-2215 -2165
33682 33723
-8159 -8158
45893 45919
-26840 -26829
20185 20190
35319 35348
37383 37419
5020 5064
55225 55243
10891 10928
23940 23958
-2844 -2820
-4493 -4454
62568 62575
30817 30833
39216 39252
40025 40043
11010 11019
4653 4681
4714 4716
49032 49039
10976 11010
-31567 -31538
49914 49964
51260 51281
-21743 -21732
-869 -820
-18702 -18699
63129 63150
-20021 -20013
65950 65999
17749 17769
8576 8602
63542 63553
7919 7924
66377 66400
53545 53587
-11830 -11816
16934 16962
-10220 -10187
-481 -461
455 505
5613 5615
40616 40619
34903 34929
-8337 -8300
3292 3300
63680 63698
53964 53972
-23145 -23105
22370 22404
60100 60131
47783 47800
47029 47056
-3544 -3513
25617 25647
65494 65525
10844 10890
235 250
49714 49744
3745 3763
3650 3690
30589 30603
-149 -142
-19618 -19597
3001 3044
-2883 -2860
45372 45417
33846 33873
18293 18305
33657 33667
15392 15413
2808 2844
61593 61616
6033 6034
49638 49652
60670 60692
-28402 -28401
62251 62287
38213 38219
15541 15550
37912 37938
-6239 -6236
29023 29051
-27130 -27089
45013 45052
65900 65911
-8476 -8442
-31805 -31760
61190 61200
-25906 -25867
67703 67720
-24386 -24343
-4721 -4686
1531 1534
30209 30233
61231 61243
-3006 -2998
53214 53249
24198 24220
-4394 -4377
43872 43913
-22720 -22696
-18878 -18873
2395 2433
36904 36917
15285 15317
-17472 -17447
14829 14837
20172 20206
9882 9899
40036 40061
-9535 -9524
-32069 -32052
-16644 -16604
30385 30411
-723 -719
25561 25579
-20447 -20430
35704 35737
44274 44298
26580 26596
-30310 -30283
10429 10474
-18599 -18594
39056 39106
46762 46791
-18674 -18637
20154 20170
-25242 -25233
7142 7155
-21505 -21460
-22079 -22035
-2039 -2009
45274 45295
-28920 -28905
-10906 -10877
-425 -395
14517 14545
-8267 -8255
23022 23053
31403 31435
33522 33525
-25454 -25437
9921 9934
13083 13090
37725 37728
13530 13547
58935 58938
40595 40619
795 821
52392 52442
43264 43308
35605 35644
-200 -198
-8188 -8157
-8771 -8730
58457 58481
48514 48518
-23156 -23118
39602 39622
14558 14594
49472 49490
17379 17395
53138 53183
16765 16787
2095 2125
16593 16636
7546 7548
65123 65131
6901 6912
-19753 -19720
59703 59719
29223 29236
62975 62991
-21636 -21626
11199 11236
-26644 -26594
-16260 -16225
4536 4585
35479 35489
18572 18586
26205 26220
1583 1598
48717 48753
9427 9445
642 651
-28547 -28546
67368 67406
45789 45803
65361 65364
60902 60932
8162 8175
32671 32709
16057 16104
38003 38014
-2303 -2256
-22025 -22022
31092 31114
4404 4427
135 148
-29372 -29344
31563 31583
-1778 -1729
-25477 -25465
35246 35279
15644 15693
38307 38337
57862 57873
14091 14107
58803 58812
52938 52954
37219 37232
-29065 -29024
47610 47642
4200 4247
17356 17383
5639 5679
2634 2650
15978 15990
16098 16135
269 302
25402 25403
50473 50504
50462 50474
38433 38460
14261 14268
10879 10908
48836 48850
11194 11198
57794 57813
-21832 -21787
-15905 -15867
-7365 -7316
-7566 -7549
42866 42889
31506 31522
37705 37725
-2314 -2275
31219 31249
-17520 -17494
-22593 -22546
42753 42776
-20758 -20720
-5084 -5061
49754 49775
35816 35853
26872 26897
65148 65170
-12763 -12747
47225 47252
65518 65558
-6038 -5991
-21417 -21375
-16084 -16058
-29209 -29199
-17295 -17293
45786 45834
27618 27621
-31272 -31248
-11618 -11575
392 434
56666 56711
53974 54005
6216 6235
-20711 -20682
64824 64838
50813 50814
27270 27294
-13681 -13650
-5796 -5778
20748 20784
6006 6029
-23087 -23049
20173 20207
24152 24194
-18652 -18625
39659 39661
-17517 -17489
-11448 -11439
4964 4970
40894 40897
27006 27040
43489 43536
179 193
-28219 -28170
-4947 -4899
55755 55767
59118 59168
27548 27594
296 334
57587 57601
-16725 -16679
-12264 -12228
16264 16274
17007 17044
24061 24068
39041 39076
67749 67760
58259 58301
57072 57120
50117 50122
53783 53826
11640 11651
-4649 -4617
47768 47796
54178 54196
62019 62025
34799 34814
3628 3631
-18308 -18303
45814 45822
35744 35794
64269 64271
-4279 -4278
63642 63689
64828 64842
-20100 -20087
26537 26544
33992 34029
21239 21257
6689 6734
6870 6910
-21484 -21447
44641 44647
64422 64449
31464 31514
51014 51049
24148 24191
14140 14179
14940 14976
17980 17982
-17393 -17369
36098 36143
63341 63347
32663 32697
-6910 -6901
30234 30255
12889 12901
26978 27006
26912 26952
21125 21137
-4031 -4014
6840 6871
-31452 -31437
27559 27580
-23331 -23319
25650 25677
-12976 -12967
9713 9758
12720 12743
-20995 -20983
-24749 -24719
5904 5914
66077 66098
45757 45785
67648 67656
-19327 -19298
38349 38352
35758 35760
11866 11908
-14296 -14257
14691 14714
-30184 -30152
43187 43229
20064 20078
31198 31219
-23468 -23456
24756 24759
36749 36752
47658 47670
-20161 -20151
30813 30820
-3708 -3696
-2494 -2455
40821 40822
10293 10301
11493 11498
16391 16409
49355 49379
-3494 -3469
8651 8668
-24800 -24751
-28343 -28342
447 474
37617 37631
27457 27506
-21933 -21925
-6766 -6722
65871 65891
7093 7130
55549 55568
-30780 -30749
-1431 -1388
60188 60197
-16062 -16043
64347 64386
-22584 -22581
45401 45445
640 649
29341 29355
54520 54534
30995 31020
59592 59594
-9381 -9346
24184 24188
-7210 -7197
-20055 -20029
42705 42711
48321 48345
30336 30362
63747 63766
30443 30477
965 999
28087 28123
32557 32571
19077 19098
-6428 -6399
22674 22722
-27600 -27579
2445 2456
39275 39313
37748 37786
51015 51028
54982 54989
60927 60933
-4981 -4972
49457 49499
64710 64760
44750 44789
66471 66506
12582 12603
63871 63873
7843 7861
-16957 -16954
45300 45311
28404 28420
11845 11865
-23130 -23121
39670 39716
5406 5442
-29744 -29700
66650 66697
58345 58363
13614 13620
9314 9347
282 311
26736 26746
29947 29982
-11934 -11932
-12405 -12403
-29066 -29043
66704 66753
52439 52450
-957 -920
-28235 -28208
-30334 -30316
11694 11709
-17222 -17212
37746 37777
46023 46028
20808 20834
63871 63914
3806 3823
35545 35582
20325 20346
-18124 -18103
12618 12642
53758 53784
-10074 -10032
38774 38785
13946 13987
17380 17390
61779 61826
41885 41928
24734 24771
46552 46560
-21263 -21243
25919 25968
63262 63269
57516 57561
25501 25506
-24987 -24937
4571 4599
14685 14703
58257 58282
61048 61095
-17848 -17807
25104 25111
1904 1951
10478 10519
23792 23840
-17801 -17791
31207 31256
-25218 -25169
-4055 -4013
-18305 -18271
40332 40339
47960 47992
38795 38804
8502 8508
42284 42298
14826 14856
-7223 -7209
-29156 -29147
28351 28401
-27120 -27109
67164 67167
61824 61848
44692 44693
17971 18008
41437 41449
-23691 -23662
62224 62274
40369 40398
35 54
39129 39152
10756 10800
-4243 -4207
36649 36681
-30674 -30661
22559 22562
58063 58069
-30781 -30749
24688 24714
38980 39018
18547 18562
53088 53128
-8826 -8788
-10516 -10468
16870 16890
28672 28687
-15773 -15749
52640 52643
-22987 -22950
61689 61691
-24639 -24627
-10388 -10357
1791 1817
12525 12564
48481 48482
50106 50153
-11618 -11593
17894 17935
-27079 -27066
-4793 -4758
-22390 -22350
37461 37473
37152 37175
22510 22550
59084 59123
10778 10803
15034 15070
-27096 -27053
-5349 -5304
60020 60024
-12484 -12434
50463 50467
15891 15917
-31040 -31036
-10400 -10356
48858 48870
3988 4022
62469 62514
-10191 -10182
15736 15762
-18099 -18054
-5059 -5013
46673 46720
7481 7497
52696 52716
18168 18184
-2722 -2672
-12909 -12880
29869 29894
9864 9884
-25612 -25596
-11454 -11409
27211 27255
58753 58782
-24151 -24138
-18798 -18795
32241 32258
-31371 -31341
60279 60301
-7494 -7453
7894 7907
62093 62127
13872 13908
16114 16136
-8406 -8360
-21124 -21080
-2493 -2476
34836 34837
-10956 -10939
1938 1988
20874 20896
-11930 -11900
3813 3836
14782 14808
37333 37368
49372 49405
57912 57928
-11756 -11722
31083 31089
54951 54988
-24188 -24141
54781 54812
33409 33439
39904 39926
-25433 -25395
46779 46829
-26953 -26925
1138 1161
-2962 -2934
65931 65959
-4851 -4818
5180 5182
32092 32124
-28236 -28190
30779 30822
7050 7074
4382 4410
-29084 -29081
-1367 -1336
16833 16873
50070 50084
64476 64504
-17739 -17729
13068 13109
23227 23245
56778 56825
16043 16077
-23159 -23127
27633 27656
40780 40819
36585 36597
-20272 -20232
-2675 -2650
35795 35801
-24735 -24702
65268 65315
33487 33495
27537 27564
356 368
23563 23566
-12213 -12165
5813 5833
47290 47329
22182 22186
-16088 -16047
26851 26898
25864 25911
41865 41909
56639 56675
34218 34261
57499 57529
64057 64104
60701 60720
47139 47160
2347 2350
59436 59465
-5657 -5620
1409 1457
49035 49065
65140 65177
31924 31953
1810 1853
49336 49385
64943 64981
35531 35565
61671 61690
-32093 -32089
-9890 -9841
-25684 -25651
66201 66237
-13927 -13898
1016 1023
-22417 -22383
53035 53057
26253 26278
-4259 -4229
-8081 -8067
-25307 -25262
14770 14804
30108 30158
6376 6383
-10766 -10731
-21633 -21601
51910 51914
-23477 -23473
-6667 -6626
36930 36968
27673 27708
-25363 -25348
-2477 -2469
-6754 -6734
-24085 -24080
-26235 -26225
29016 29040
-8365 -8322
4873 4910
26127 26136
17895 17914
53103 53119
19285 19312
36164 36204
-13289 -13272
-17303 -17257
-3102 -3070
57490 57506
-18390 -18345
6598 6643
-26123 -26096
-8055 -8009
59553 59596
30634 30679
59957 59996
-17401 -17385
36013 36035
16566 16609
31047 31096
50741 50784
-14783 -14764
-11750 -11704
2486 2494
22909 22957
44451 44464
40518 40564
36178 36214
-31639 -31595
13664 13676
27225 27238
-8262 -8224
-7052 -7021
11558 11595
41041 41045
40502 40550
19315 19348
63539 63578
200 208
13093 13125
-15613 -15599
-20074 -20037
47353 47394
18712 18724
27723 27770
48729 48747
-21522 -21472
-29937 -29907
16126 16163
24332 24340
59784 59803
44395 44423
-26464 -26455
9704 9738
-17874 -17845
57644 57691
59951 59985
-24840 -24821
-4587 -4562
63916 63938
6172 6219
25818 25842
65794 65810
-10619 -10608
-30506 -30458
23325 23343
6824 6830
2419 2460
7722 7771
-19365 -19350
-2281 -2249
9916 9931
22213 22229
42103 42141
498 519
36634 36682
60672 60689
11585 11597
39266 39298
11956 11995
-23277 -23238
-3797 -3751
-26462 -26430
45797 45805
33147 33167
59652 59682
55917 55939
9371 9384
23694 23741
-8013 -7993
1703 1736
53388 53391
-8478 -8446
-5363 -5313
-7041 -7019
-26831 -26805
40945 40978
-26283 -26234
45480 45509
-9472 -9467
45884 45913
-15780 -15751
45894 45907
50479 50514
4243 4273
54509 54557
6000 6017
45479 45504
-11755 -11709
-7729 -7727
41416 41432
49190 49240
-29614 -29608
-26385 -26373
55641 55691
10012 10028
8266 8302
22929 22939
51685 51692
29158 29193
14383 14394
38579 38613
58271 58307
-9339 -9298
43733 43748
66766 66767
66145 66164
-4916 -4889
41342 41381
32139 32141
27844 27894
1291 1320
61629 61652
-15648 -15636
16792 16817
-31764 -31756
-9244 -9215
-22254 -22214
3353 3354
50037 50074
55669 55684
-9715 -9683
51689 51735
65334 65354
41433 41478
38826 38831
46605 46647
9218 9243
22862 22885
1920 1930
52286 52302
47947 47970
55283 55331
-15010 -14999
54634 54679
62532 62543
55317 55322
36325 36335
41328 41348
-22137 -22131
14699 14718
15888 15922
19305 19322
-24942 -24933
-4498 -4475
-22840 -22824
18242 18286
53803 53820
5516 5518
49432 49469
49363 49377
34345 34348
-15974 -15925
-9864 -9856
58503 58521
38936 38939
63116 63142
43513 43538
60274 60314
21560 21588
38900 38935
-8633 -8590
-5804 -5759
7929 7947
-17144 -17103
65582 65627
4964 5010
8711 8727
-26026 -26020
12972 12983
66236 66271
40288 40329
65718 65726
14666 14669
60589 60602
4775 4776
-18348 -18302
20525 20566
58787 58817
12831 12855
23540 23565
64573 64592
21750 21762
35241 35247
21567 21614
42231 42263
-14509 -14471
4600 4642
19474 19483
3702 3734
-7239 -7229
-29779 -29765
39229 39265
41689 41728
66510 66526
34265 34289
29891 29901
-4007 -4002
28643 28667
13624 13651
-24347 -24334
65428 65444
6012 6039
44811 44842
45504 45511
-4325 -4309
20663 20700
4658 4706
-13528 -13514
-4391 -4374
55615 55657
-22210 -22178
7168 7190
37975 38000
62458 62463
-27145 -27128
3801 3845
1737 1777
-24564 -24526
67429 67449
-23607 -23597
15538 15558
1209 1231
-29286 -29269
10844 10865
-13410 -13390
-9825 -9810
-5201 -5155
5869 5910
1009 1053
54807 54839
28464 28510
46910 46958
34049 34057
59391 59396
45980 45998
-4685 -4665
9647 9697
-13883 -13856
-18218 -18204
7403 7404
30581 30599
-9548 -9528
-22863 -22849
21911 21920
-21952 -21950
-15892 -15857
53123 53144
-1497 -1454
16219 16251
44150 44153
20174 20188
14755 14773
110 147
12252 12263
10476 10524
-3454 -3433
-4410 -4382
-8942 -8900
-15817 -15790
-19223 -19196
-3185 -3145
-1969 -1945
-8602 -8594
40813 40819
-23125 -23123
-1268 -1239
8277 8285
55749 55753
31137 31140
20357 20361
67544 67593
9332 9348
2421 2429
61747 61791
65058 65061
43106 43121
22561 22609
-21634 -21590
47571 47583
-22027 -22017
17613 17638
17115 17161
9617 9626
48195 48222
57331 57340
38989 38994
-2513 -2473
-25048 -24998
-403 -375
26565 26597
50569 50581
-2370 -2359
33750 33776
-17067 -17042
36182 36184
-5468 -5463
51140 51163
-22450 -22428
742 743
50729 50760
-31774 -31736
46957 46961
-25822 -25810
-15005 -14976
-16819 -16801
7530 7531
29671 29677
-112 -110
-18043 -18021
15362 15369
1773 1799
10282 10321
-6581 -6552
32993 32996
-2718 -2684
27925 27968
62795 62797
17441 17461
-24541 -24521
26531 26569
1863 1912
6842 6876
44959 44990
-1918 -1898
-16564 -16527
44311 44340
48444 48481
-12108 -12066
23642 23662
65820 65849
-16608 -16568
64021 64055
58830 58871
-13845 -13810
-29318 -29287
52590 52608
35822 35840
10620 10644
59053 59062
-5883 -5865
-26102 -26069
46625 46635
66187 66230
-16579 -16542
25749 25796
46659 46706
41992 42010
66864 66885
52840 52886
25642 25659
-10773 -10762
31688 31704
-15856 -15818
-4299 -4288
3047 3061
61272 61292
34143 34169
-16435 -16408
67536 67548
-20457 -20431
1562 1596
-14332 -14293
25621 25653
-19911 -19862
7804 7832
-1913 -1890
20297 20332
54434 54477
-22418 -22399
13520 13542
5727 5747
59478 59496
28559 28589
52368 52396
-31541 -31537
35507 35522
1659 1701
40423 40454
23248 23264
1842 1857
-18446 -18408
-3783 -3756
-5237 -5236
29835 29863
-11466 -11448
8274 8285
33469 33478
-15186 -15163
-18536 -18491
-18382 -18337
-6638 -6609
15227 15276
24822 24859
1345 1378
5066 5110
-18665 -18664
58184 58201
8788 8801
56035 56085
4965 4980
49165 49189
1786 1801
64248 64257
-16032 -16000
-15042 -15025
-6630 -6609
10421 10466
67056 67104
-31913 -31867
-26167 -26154
26553 26595
7085 7107
42769 42773
-3402 -3366
15188 15212
-19996 -19977
-9200 -9161
-24526 -24484
52681 52731
20865 20868
-2925 -2912
-14765 -14733
42858 42875
50245 50249
54826 54875
-24520 -24503
4524 4536
14248 14272
20643 20675
-27560 -27533
-2061 -2025
-14077 -14043
27890 27910
-21452 -21408
45387 45437
21651 21682
3792 3828
-11050 -11026
42076 42108
50054 50089
29302 29330
61428 61462
-25750 -25720
36106 36107
-31803 -31764
614 630
-28698 -28671
38468 38499
53692 53704
18316 18325
-431 -410
-13290 -13278
7372 7399
-25478 -25432
44491 44521
56090 56098
46176 46189
29925 29942
12488 12510
-23158 -23139
60361 60399
-9750 -9700
8381 8402
-10198 -10186
-24924 -24918
-12578 -12568
39191 39233
18322 18327
28404 28418
22657 22664
13233 13238
-4309 -4275
28135 28142
51023 51038
20726 20735
42433 42439
40530 40570
64134 64160
64285 64321
633 635
-8815 -8772
3705 3725
42900 42932
18233 18244
41605 41611
30968 31012
32797 32838
50322 50370
32466 32494
30808 30853
-23279 -23245
18460 18461
47158 47196
-17883 -17841
45724 45733
50202 50216
-30900 -30872
58583 58604
-23508 -23474
4696 4714
20755 20783
15302 15351
65733 65770
31778 31812
-6147 -6137
-13269 -13235
-266 -239
-156 -139
17467 17492
-13731 -13709
-4373 -4344
61472 61496
40838 40863
55814 55846
33008 33030
-27249 -27228
2538 2545
19606 19625
-21380 -21362
26278 26304
37370 37396
7569 7616
-5220 -5177
27325 27354
27758 27795
-31106 -31086
33517 33520
65433 65463
-18915 -18896
56644 56645
22200 22203
-29192 -29174
42378 42401
20882 20919
54125 54153
17872 17887
54104 54119
15153 15199
54879 54899
49859 49891
41070 41080
-15489 -15453
54000 54047
62118 62149
58769 58799
52953 53002
13689 13711
28718 28723
8876 8926
-20003 -19996
13299 13320
15721 15765
-7906 -7882
-3681 -3636
12284 12329
22869 22886
12792 12801
-8593 -8551
16883 16901
16584 16625
-27410 -27381
-13498 -13489
-12792 -12755
-2474 -2454
16125 16165
27662 27708
19507 19526
48922 48936
-2889 -2888
12450 12486
20693 20706
28881 28928
19345 19387
-30904 -30867
52306 52321
44034 44059
-6411 -6402
23819 23825
-18958 -18939
56098 56109
-2948 -2899
46162 46184
25063 25077
-21938 -21897
-15600 -15591
456 492
45549 45567
14456 14486
-23026 -22979
-13680 -13668
39016 39051
11419 11439
-3948 -3935
-5205 -5180
-14655 -14625
30782 30821
61711 61731
67395 67426
37635 37677
35095 35114
54683 54711
-8700 -8682
34159 34189
-1373 -1354
36063 36093
-25401 -25378
32307 32325
30235 30238
-2332 -2312
21725 21745
-27509 -27465
36845 36852
49840 49864
39485 39505
38947 38967
-29785 -29751
-31603 -31566
64505 64547
29575 29593
38332 38345
-27471 -27461
-10487 -10486
-4150 -4112
53903 53937
32612 32644
-9232 -9231
-15783 -15737
60121 60170
27991 28030
62381 62401
53053 53082
7374 7402
51011 51029
59253 59296
34854 34869
63033 63053
42658 42694
16530 16571
-31042 -31001
39952 39968
27525 27549
36636 36667
6404 6416
9604 9643
36952 36964
60145 60183
58041 58091
56624 56669
59036 59064
16883 16922
-16261 -16211
7547 7564
-28690 -28686
-21170 -21160
37273 37314
31156 31174
3605 3606
-28302 -28258
28515 28558
48486 48528
58506 58523
11046 11059
-25781 -25747
14487 14491
2622 2624
55493 55541
27559 27605
-4494 -4466
48658 48704
-14680 -14648
46766 46780
-30664 -30656
-21052 -21030
65149 65176
6641 6648
48235 48248
4775 4814
28187 28188
838 861
66048 66098
-5912 -5877
-27994 -27975
26751 26752
-23071 -23045
32876 32921
20501 20545
18006 18041
1013 1062
18677 18678
21560 21565
-11306 -11269
29612 29630
38555 38565
61392 61417
-31455 -31446
-19629 -19609
24196 24238
62928 62958
-12461 -12418
24867 24915
39777 39816
-10555 -10547
41098 41140
14083 14123
2898 2946
6488 6532
188 192
-7647 -7614
6200 6231
-11178 -11153
28857 28867
-16492 -16467
13079 13098
21272 21314
-11441 -11426
-27833 -27817
13618 13661
-18787 -18769
-508 -483
-6629 -6620
43604 43612
14436 14438
-20793 -20774
59655 59658
37853 37879
65253 65290
26217 26227
4457 4478
-22155 -22150
44228 44266
16735 16758
-8014 -7991
-16084 -16046
30534 30548
30289 30308
57070 57113
34295 34311
54299 54347
50577 50597
8726 8746
66467 66512
-5900 -5890
-16317 -16297
1746 1780
62865 62876
12322 12357
4043 4075
57958 57990
36 48
10449 10481
-9784 -9743
1637 1662
61813 61852
30723 30728
-16296 -16274
16454 16493
-23993 -23971
46368 46372
17237 17283
2368 2387
11530 11543
61432 61439
64522 64527
-31047 -31010
65560 65592
55433 55437
22909 22951
32348 32368
-27513 -27468
33376 33409
54776 54800
51094 51121
66083 66091
4507 4519
9161 9164
48357 48398
-14323 -14295
-31102 -31060
-17037 -17015
63610 63659
31757 31781
47139 47167
-438 -433
28537 28587
-5203 -5200
-4929 -4914
-10405 -10356
-30453 -30426
-12037 -12012
23794 23800
8625 8644
53722 53767
-31012 -30964
-14116 -14104
56480 56496
-7684 -7638
65950 65987
-18874 -18858
-10666 -10665
-25643 -25640
-25489 -25479
26518 26561
2259 2297
-30937 -30936
3029 3043
-12034 -12001
-6145 -6123
-4766 -4717
38833 38841
14629 14649
-1773 -1730
266 272
27522 27545
21972 22015
-7284 -7282
-26119 -26095
2889 2924
10017 10054
9483 9524
42160 42210
31631 31676
4086 4133
28482 28489
43915 43927
52195 52210
9219 9250
7133 7151
26349 26384
47626 47630
37820 37868
44412 44454
-19478 -19439
37171 37193
-24229 -24185
43237 43284
39450 39497
52208 52247
38468 38489
-24852 -24803
64889 64912
40808 40842
15672 15693
33739 33770
2617 2653
-18601 -18576
22415 22424
-23533 -23493
13969 14003
680 696
38778 38813
40359 40364
43896 43905
67067 67096
-14661 -14645
-5767 -5746
56910 56948
19237 19260
-10571 -10565
52821 52839
-29941 -29922
-30592 -30575
21735 21750
3491 3504
-1526 -1498
-7538 -7532
64361 64404
-8875 -8841
-3397 -3389
-6690 -6662
25418 25442
48950 48982
66100 66104
20243 20292
19038 19049
-2028 -2004
67817 67825
21714 21720
28632 28639
63463 63471
2035 2037
53105 53136
37462 37487
-24402 -24360
32369 32402
43106 43119
57109 57148
-30146 -30113
59807 59809
-5118 -5068
-20004 -19990
62571 62614
-30643 -30603
-18565 -18524
-13264 -13233
-16883 -16845
22115 22120
-13929 -13888
62109 62159
57103 57111
4720 4725
28897 28911
-20527 -20519
35384 35416
10198 10238
54076 54120
-3476 -3434
4704 4742
-20024 -20002
22947 22976
48346 48381
31604 31629
27209 27259
60715 60733
-19272 -19248
11461 11488
41150 41156
11508 11547
36059 36096
27809 27838
-5732 -5727
37302 37330
-31883 -31872
-3409 -3371
5830 5842
-247 -197
53258 53307
28421 28468
16220 16245
-29840 -29812
65411 65422
35810 35850
960 994
-9371 -9356
-1395 -1346
64203 64248
60076 60086
-19459 -19417
40906 40920
13012 13018
60903 60911
51777 51802
28473 28513
-1986 -1954
-15294 -15284
26426 26472
24964 24995
42500 42535
23672 23690
47435 47459
40557 40569
-5578 -5529
-15153 -15129
165 184
39217 39228
-20017 -19967
-12183 -12139
17655 17662
-29565 -29520
37416 37461
36558 36591
-17266 -17230
14419 14468
28996 29039
-600 -551
32846 32876
-16793 -16756
-2605 -2584
44312 44336
16477 16517
-5577 -5534
-16757 -16721
-14033 -14024
-14536 -14520
-27855 -27817
48623 48664
12570 12614
26132 26151
67390 67431
1602 1638
61709 61749
21873 21921
4235 4264
-31391 -31357
15007 15047
13766 13806
846 864
67067 67090
-13749 -13733
41348 41363
65103 65150
-26802 -26770
47609 47658
332 339
-5026 -4977
-31150 -31109
-29729 -29703
60546 60587
-5376 -5331
65423 65439
-10190 -10176
49638 49645
-21438 -21392
31536 31554
9359 9390
10583 10619
-4872 -4865
46747 46777
47742 47780
30743 30755
7106 7147
29227 29236
2081 2125
-12231 -12218
42799 42849
42396 42436
-15106 -15090
25474 25487
42262 42283
-24327 -24304
67758 67783
63362 63387
-1418 -1377
20820 20822
-23494 -23487
-8035 -8007
13863 13867
38781 38815
64990 65015
54445 54465
34372 34385
27037 27062
-29900 -29851
52342 52346
29210 29244
48550 48589
58499 58516
54770 54810
-4674 -4624
11534 11548
35591 35606
48614 48658
48803 48845
56043 56049
14969 15004
65668 65711
2737 2759
47385 47415
-19908 -19874
67228 67266
-2618 -2587
-8341 -8318
62170 62210
-10676 -10669
17993 18041
46651 46660
-12613 -12581
-662 -623
36802 36842
-19048 -19042
-20213 -20209
52362 52412
49174 49212
22126 22161
19020 19055
-29735 -29692
-31764 -31757
37310 37321
27668 27705
63361 63397
57754 57797
29878 29888
52832 52871
-27862 -27817
-22216 -22206
-801 -784
23904 23932
56011 56031
-23749 -23711
16378 16427
30302 30313
45796 45814
56516 56540
22387 22418
1613 1643
-21246 -21230
6118 6162
-17044 -17011
38439 38469
58456 58490
13655 13667
53772 53777
20045 20079
33332 33381
4649 4690
41564 41603
46097 46107
-7425 -7411
-27217 -27169
56633 56644
-23390 -23369
-4998 -4996
-31194 -31181
6512 6557
1070 1106
36006 36053
56943 56984
66589 66595
23102 23116
47480 47511
-28915 -28884
-7520 -7486
36262 36302
14839 14846
5079 5091
21840 21874
18113 18118
48272 48282
23904 23926
56098 56123
42571 42612
-7805 -7803
-30053 -30023
-21975 -21972
60954 60966
638 663
56878 56912
-30700 -30697
3191 3202
2000 2047
-19378 -19376
564 573
-20369 -20359
66712 66751
13339 13359
26613 26661
-6961 -6911
9842 9863
3576 3590
-4415 -4389
59481 59520
21102 21126
-7186 -7153
-29659 -29630
55310 55344
20689 20700
44273 44297
2044 2066
5168 5177
17467 17486
48264 48284
40050 40091
-8788 -8751
-2531 -2496
8896 8898
35959 36009
8983 8987
31783 31797
-10944 -10917
-14542 -14511
-29116 -29112
67818 67822
-11801 -11796
-64 -56
-6305 -6291
5878 5887
-23190 -23187
32420 32439
1187 1200
-28698 -28649
9549 9582
10173 10180
31260 31279
11381 11411
40942 40983
47695 47736
-19376 -19353
-2167 -2126
-30753 -30713
35904 35917
-9237 -9222
-27644 -27633
18378 18411
21924 21926
52636 52674
-3188 -3139
61569 61580
26970 26994
10357 10363
-14403 -14360
25800 25832
-24957 -24954
46282 46321
-22578 -22532
6822 6831
65023 65037
44929 44972
15424 15444
-16851 -16844
39944 39955
57097 57132
43312 43329
5258 5300
52904 52932
-14891 -14879
47611 47623
-2552 -2518
24632 24674
-14271 -14222
43996 44017
-7182 -7171
32456 32458
63761 63781
-20868 -20823
27447 27491
34845 34889
41561 41605
27968 27994
28152 28196
30088 30133
62927 62944
57798 57827
37729 37757
64979 65015
13688 13699
13678 13679
-1718 -1692
44306 44334
25361 25394
61127 61162
20280 20312
47938 47973
66241 66284
-1111 -1063
27097 27122
57866 57896
3429 3457
10774 10812
17711 17726
6219 6250
3382 3390
18182 18208
65645 65675
63356 63401
-18876 -18846
16715 16755
15044 15082
-30481 -30456
-5864 -5823
10863 10898
39931 39954
-21155 -21153
52894 52916
21884 21885
36302 36334
56041 56062
23666 23707
47990 48028
-29070 -29052
38913 38920
29069 29089
11334 11344
56809 56823
6714 6727
418 464
45538 45558
-31922 -31875
-11969 -11938
18285 18294
18233 18272
4508 4552
13174 13178
47218 47261
61572 61588
11655 11699
32588 32602
17854 17875
-21597 -21596
-5357 -5320
13608 13610
25850 25862
41840 41880
26452 26494
-14708 -14686
3153 3181
-31924 -31878
-15048 -15022
33833 33855
26018 26039
-19231 -19212
23468 23480
6889 6897
-18243 -18196
6749 6781
45168 45207
14401 14423
1999 2030
-1694 -1684
63781 63798
24693 24729
-17238 -17210
25178 25209
-21008 -21007
429 477
32872 32911
52876 52912
60195 60226
27113 27162
33917 33962
12865 12911
63428 63464
18417 18428
-31786 -31782
-9485 -9447
51635 51673
2198 2201
-19687 -19644
25907 25915
33190 33203
4764 4804
50012 50059
24182 24220
46338 46365
16596 16633
40986 40994
26338 26343
-19772 -19736
-31440 -31390
-12475 -12434
64372 64419
51586 51588
341 364
-15900 -15895
-12329 -12293
24521 24561
-22835 -22823
32568 32606
-14797 -14788
14830 14879
14984 14995
51636 51637
-21956 -21910
-3391 -3369
39713 39722
45186 45196
-27727 -27715
27345 27357
-17382 -17344
-13666 -13630
29165 29171
-9852 -9840
64277 64322
35406 35431
-11568 -11519
55834 55850
47631 47657
-20163 -20115
-25475 -25438
2459 2462
56349 56363
40978 41028
63552 63577
10839 10878
879 928
58559 58584
21900 21901
-25811 -25772
-758 -741
-4534 -4528
37401 37417
28296 28298
33001 33012
55099 55119
-6442 -6397
-18857 -18820
32520 32563
14999 15020
-10503 -10467
64199 64213
66764 66784
-16552 -16515
-22439 -22434
37305 37314
44919 44939
39933 39961
-29820 -29808
2041 2067
66168 66176
56921 56943
23134 23147
65866 65877
65707 65716
-18611 -18576
41423 41469
-18713 -18663
45784 45833
38621 38635
63131 63134
14022 14069
26543 26584
54905 54948
41615 41662
21270 21310
59924 59966
57733 57781
-21591 -21580
28845 28850
29538 29542
16403 16406
-27438 -27408
15567 15576
-15793 -15789
34605 34627
34683 34706
42993 43017
48582 48603
21144 21146
-19323 -19287
14727 14748
26211 26228
-20620 -20584
60692 60726
-24047 -24037
21376 21402
66710 66725
20287 20288
-2456 -2455
12913 12919
-28906 -28900
-16432 -16384
15766 15810
5618 5633
34319 34325
-15360 -15358
-24045 -24023
13475 13490
-27763 -27735
6627 6647
-2981 -2933
6990 7028
-25297 -25263
13817 13835
25393 25394
-18730 -18682
31879 31883
-4292 -4256
3348 3380
13586 13612
44761 44767
13556 13573
-13521 -13505
19582 19632
63655 63671
35092 35141
60260 60285
-10905 -10881
-17352 -17302
37297 37306
27412 27444
14280 14325
27978 27991
-20791 -20790
19433 19445
-23184 -23182
-22968 -22940
-30697 -30676
26493 26542
49240 49252
22676 22696
20998 21017
-6581 -6538
-7107 -7103
447 463
-4563 -4515
19899 19902
-29695 -29664
23950 23978
-8282 -8236
52654 52670
8427 8432
-2042 -2029
13498 13520
-4037 -4030
37310 37347
21107 21151
64350 64362
20160 20184
41589 41600
-12160 -12145
32425 32433
44818 44833
1064 1097
10583 10625
38990 38999
20328 20353
-17999 -17983
36205 36230
34743 34749
27313 27343
66753 66772
14000 14035
-12055 -12029
-18133 -18102
-31812 -31786
37488 37502
-28068 -28026
32544 32585
47328 47341
47593 47604
38567 38598
33314 33357
-6711 -6672
-10537 -10531
21364 21394
37013 37055
21160 21205
-3285 -3257
28814 28817
19863 19902
42675 42713
53428 53431
25151 25162
-6403 -6359
11197 11219
-8386 -8382
54935 54953
42044 42057
52203 52208
21521 21556
16299 16335
55454 55477
15407 15423
-13047 -13035
41131 41139
67814 67842
-22545 -22533
31065 31074
51245 51274
65465 65504
20726 20771
-5909 -5863
-7512 -7492
-18467 -18433
-26282 -26275
-26448 -26402
26643 26653
26596 26626
27012 27042
1703 1733
39891 39898
67523 67564
-21125 -21101
8464 8513
-14349 -14348
-10927 -10909
27548 27552
24797 24841
61901 61934
62434 62443
54615 54636
25423 25466
-2251 -2216
47916 47933
-598 -567
1359 1385
-24436 -24422
27503 27541
30824 30869
4959 4982
28847 28851
-29578 -29561
1290 1338
-26661 -26658
21686 21709
6267 6292
-11541 -11503
56948 56992
-26455 -26410
8384 8425
1835 1883
41135 41164
36214 36231
-11539 -11511
17874 17899
-29619 -29618
57957 57962
17001 17013
-25527 -25498
8795 8826
62898 62905
10117 10129
29719 29729
26247 26267
3617 3649
-10775 -10772
60388 60422
-18669 -18619
-25400 -25368
11136 11142
-1290 -1253
48847 48850
-31505 -31503
-23483 -23479
34116 34135
62582 62622
2180 2225
34383 34414
-17670 -17649
58353 58356
-23084 -23063
-20063 -20062
46072 46101
32161 32175
41834 41862
56266 56316
36642 36662
60522 60557
-27533 -27506
25374 25409
-12477 -12435
66246 66266
46026 46057
-31208 -31180
23280 23302
64060 64077
20620 20666
-15554 -15546
64033 64050
10475 10482
-405 -400
1640 1676
18399 18409
57259 57268
-18567 -18517
-24588 -24545
-26668 -26642
-5042 -4996
62965 62968
-20059 -20046
52937 52944
7615 7634
51492 51493
20520 20532
27293 27314
52371 52418
41446 41487
59756 59784
44140 44164
-29829 -29791
-7633 -7628
-4970 -4944
25481 25486
-31662 -31647
53561 53600
31666 31708
38338 38345
11441 11477
-2037 -1999
-14518 -14478
-20050 -20015
41415 41444
-27035 -26986
46430 46432
-1078 -1042
51358 51373
-15294 -15290
-14800 -14788
51904 51909
-26187 -26143
52134 52174
-4427 -4384
55043 55064
39594 39634
-12658 -12647
14213 14253
27099 27127
32157 32181
-21436 -21413
-20844 -20797
-20772 -20722
-20356 -20326
55630 55666
39103 39124
57618 57630
38835 38866
-28492 -28442
25668 25708
-26548 -26507
25084 25092
8245 8269
22097 22118
54712 54757
-18567 -18538
5837 5852
67740 67761
53348 53386
4455 4490
10837 10844
62394 62429
65988 66005
28487 28535
9230 9277
13696 13723
64364 64397
36963 36973
-19696 -19684
-16516 -16507
23632 23682
40629 40671
-17259 -17225
5328 5347
37548 37590
64240 64290
13701 13715
-31023 -31003
-11225 -11177
65534 65553
18637 18640
-27597 -27581
-3575 -3551
-22199 -22182
42408 42421
38293 38334
-23044 -23005
27014 27058
29171 29192
34194 34206
25080 25126
13629 13645
3954 3959
-7661 -7647
-3965 -3950
-12053 -12023
10454 10458
685 686
14860 14908
-6796 -6753
9987 10001
-2258 -2249
26300 26310
-21968 -21956
-20347 -20337
30108 30132
40589 40630
18295 18303
51604 51651
-8533 -8520
-16720 -16700
17030 17060
46601 46612
38308 38338
48455 48467
-15979 -15976
-19991 -19957
-20306 -20291
-2361 -2315
-17140 -17117
51437 51440
-30282 -30250
55299 55341
32683 32733
29822 29866
33415 33432
-19966 -19962
-11399 -11354
47059 47061
42384 42420
-9501 -9495
15755 15803
-10453 -10409
9875 9884
47173 47209
-14775 -14764
56642 56676
3158 3159
64606 64621
37590 37606
27882 27898
20341 20366
32091 32131
13061 13091
18004 18026
-13298 -13268
39851 39879
-30222 -30193
38355 38379
9922 9945
41887 41905
1360 1379
32946 32977
38519 38555
-18797 -18761
52025 52035
3849 3879
17252 17255
31664 31711
62071 62109
25016 25061
2351 2377
3985 3995
-27922 -27889
40229 40234
65604 65621
-9809 -9766
57325 57332
-31483 -31471
64843 64877
55631 55659
7619 7635
-8765 -8740
43207 43248
46765 46767
5790 5828
15487 15507
-30937 -30916
9650 9670
-2991 -2950
6103 6151
14010 14026
1095 1098
61711 61753
61459 61476
-14882 -14863
63471 63477
43285 43334
48393 48442
35421 35433
-16815 -16778
-24609 -24575
62008 62016
45114 45122
14359 14398
21371 21384
-15259 -15224
-28972 -28951
-21940 -21924
9486 9514
45057 45088
-7016 -7006
3865 3868
61932 61953
-27960 -27927
-31071 -31022
21088 21099
-20252 -20250
455 500
-6146 -6139
-8814 -8809
8140 8146
31935 31985
7331 7376
52830 52879
6880 6900
55508 55517
39444 39448
-8160 -8111
46651 46657
13989 13997
-26416 -26367
-27702 -27680
-24796 -24793
-6836 -6794
35476 35477
-30548 -30520
30745 30772
-30013 -29965
63936 63941
20415 20418
7474 7484
-16810 -16762
58070 58093
36441 36477
65030 65039
30796 30837
61815 61857
2309 2335
61195 61230
63814 63855
19746 19765
7845 7848
26265 26285
45090 45107
-15182 -15180
43683 43727
67846 67883
49101 49115
51277 51305
65567 65617
-2102 -2069
-7723 -7677
12916 12929
3626 3663
58645 58695
-22075 -22054
-992 -960
53813 53855
-28720 -28684
46208 46246
-29019 -28999
34969 35018
31274 31291
-28265 -28248
48774 48814
24924 24946
13360 13368
-20082 -20069
51652 51680
53955 53985
35258 35272
4256 4273
39428 39448
62066 62097
62623 62660
-11640 -11615
732 782
6413 6457
-11595 -11567
24045 24070
-21512 -21489
7900 7918
42580 42604
37048 37081
-5395 -5374
-14138 -14134
50037 50079
-5795 -5762
59646 59654
-25283 -25267
57169 57207
-4879 -4846
10812 10862
-26471 -26448
61219 61232
38261 38308
278 306
241 262
5656 5659
1909 1911
-28891 -28879
53792 53810
60772 60802
31263 31308
63025 63066
-11819 -11803
-1059 -1048
-15776 -15768
-8504 -8499
24696 24743
-7475 -7434
19751 19779
-22380 -22351
5293 5321
45035 45060
65355 65389
225 263
23646 23654
41769 41793
-20880 -20840
23991 24033
1929 1954
52011 52052
23304 23347
61603 61631
-16847 -16823
-67 -59
45282 45312
8930 8968
6201 6229
2652 2678
2590 2610
25759 25789
46248 46284
45553 45557
12895 12918
7452 7486
16160 16196
21701 21702
42756 42806
27186 27198
9471 9498
-13672 -13666
-15741 -15738
38715 38730
-2112 -2091
3069 3076
-27170 -27129
-24969 -24931
23339 23383
-19260 -19214
40720 40721
39228 39249
-31105 -31100
49679 49710
-25001 -24957
36725 36728
31547 31566
51655 51668
36677 36707
-3813 -3786
8678 8712
15851 15860
-24247 -24234
-361 -359
-9610 -9580
-4370 -4333
49843 49849
20962 20987
57345 57386
39952 39978
59730 59777
19708 19747
7198 7240
-6769 -6728
-1929 -1899
8528 8562
16869 16918
40537 40573
-29473 -29463
-9551 -9532
16399 16408
26274 26307
-16429 -16386
-2097 -2089
37580 37617
-29766 -29730
-29656 -29632
-28138 -28100
36739 36785
63869 63890
53278 53294
-11667 -11636
24921 24958
66699 66722
-6076 -6069
33232 33245
54528 54529
-7091 -7062
24684 24692
-11196 -11171
-30724 -30708
-20783 -20745
-27299 -27278
42765 42790
24641 24642
-12040 -12032
-21969 -21968
34322 34348
-29990 -29987
7308 7309
-22053 -22008
47907 47949
-29438 -29404
-18610 -18595
42618 42637
15980 15981
-401 -400
50935 50985
5914 5919
19124 19164
-30809 -30772
-13402 -13369
-23522 -23485
6349 6370
-8997 -8951
-9413 -9382
18268 18299
34840 34857
-27540 -27532
14689 14720
-21013 -21004
-4050 -4003
29403 29445
-19339 -19327
56552 56562
29834 29837
42104 42114
58869 58879
-13502 -13459
63105 63138
-17579 -17549
22136 22149
-10579 -10529
41823 41828
-11978 -11948
-11448 -11443
37026 37074
42796 42799
43661 43688
59482 59530
-19878 -19860
-5973 -5967
46406 46437
18867 18915
28652 28661
27010 27024
-14308 -14303
20781 20814
-19107 -19088
45279 45294
32323 32372
9838 9846
16767 16811
42324 42353
-23252 -23206
-10700 -10660
-27215 -27189
12024 12066
53708 53727
36941 36963
35780 35813
64577 64580
-10215 -10165
-7513 -7465
-14930 -14908
-10398 -10391
42975 43022
47605 47608
9476 9504
-8900 -8876
62092 62140
56218 56262
18312 18313
18201 18248
67264 67283
-21824 -21782
-24553 -24520
-25701 -25654
40974 40989
-25284 -25265
1090 1105
36661 36666
56027 56070
51802 51808
-7305 -7275
66639 66665
33851 33875
-8989 -8943
-3567 -3565
62415 62463
3668 3670
-31878 -31869
-30798 -30760
39618 39643
34204 34239
5550 5583
13432 13466
52212 52248
33103 33120
11671 11702
-2594 -2553
-12548 -12520
7567 7573
-10547 -10513
-5003 -4958
58442 58475
-3565 -3522
-3750 -3742
35053 35080
7522 7542
60815 60834
8676 8689
-22162 -22138
25335 25379
13315 13332
49385 49386
47212 47259
25064 25109
12713 12722
59748 59774
43268 43308
35026 35050
-28045 -28042
-2645 -2600
44685 44722
58566 58580
-3341 -3309
4557 4590
22241 22261
-12982 -12960
-1500 -1489
-30128 -30111
-8593 -8575
-19837 -19811
67323 67358
25784 25791
-25953 -25909
61875 61894
4487 4491
-570 -537
46573 46623
7628 7655
57724 57751
-9835 -9819
35461 35469
47045 47087
64838 64854
58686 58736
37607 37642
-25071 -25054
-6260 -6258
-6202 -6170
33783 33806
-21158 -21124
39422 39433
-4623 -4597
50204 50249
66183 66218
-7513 -7480
20710 20731
26390 26398
4115 4135
47196 47217
-16011 -15972
30168 30206
56505 56546
31941 31964
-25446 -25442
12296 12339
-19174 -19124
-11288 -11263
36820 36823
34322 34353
-12721 -12705
25127 25141
10125 10155
51992 52040
56440 56474
35064 35069
21276 21281
4151 4180
18407 18427
41621 41659
-20851 -20840
18256 18270
47180 47206
-27413 -27395
52451 52452
-30005 -29980
3905 3913
42451 42460
-27844 -27837
51112 51127
-17908 -17864
23000 23030
64317 64343
2635 2663
11365 11393
60868 60874
63813 63855
35298 35313
3405 3423
-23606 -23578
51906 51937
62122 62171
18845 18865
29584 29600
64769 64812
66450 66465
16431 16436
-20025 -19984
3440 3448
-3496 -3479
-30583 -30570
-13687 -13681
30243 30244
6038 6064
23077 23098
48237 48240
11020 11052
13144 13164
15415 15419
31882 31931
41721 41751
17416 17441
54498 54530
17048 17068
32993 33000
13985 13987
40660 40681
-5864 -5839
7283 7300
7492 7507
49317 49342
-2179 -2153
-16677 -16656
42144 42153
47910 47951
19594 19612
43297 43314
22209 22211
7458 7488
44383 44412
13667 13675
18821 18871
-3074 -3064
13146 13166
-14384 -14336
56176 56216
28371 28414
5896 5904
48365 48396
5908 5947
31819 31833
27688 27692
-7772 -7728
-28047 -28014
67252 67300
-12221 -12180
34588 34616
55618 55638
60569 60576
3002 3024
42304 42344
-30983 -30949
27518 27531
15931 15959
1330 1373
-14095 -14055
6722 6727
56520 56532
56804 56832
59146 59193
54827 54876
21880 21890
28006 28017
50794 50825
-30638 -30617
-11255 -11217
41720 41741
-20316 -20285
46153 46160
45647 45685
-20548 -20511
43772 43774
17461 17499
64754 64774
-19311 -19283
-1996 -1962
2460 2479
59430 59440
-14510 -14498
-10080 -10064
3382 3407
848 849
52164 52185
36697 36724
-24341 -24314
-28366 -28358
63479 63485
44857 44884
-1245 -1206
-9354 -9336
36150 36151
-14311 -14297
37042 37082
-23811 -23783
9165 9166
21749 21796
-3971 -3948
38716 38747
12643 12663
36634 36680
-1993 -1969
38928 38933
-19698 -19661
-27324 -27322
-18669 -18643
53752 53773
57743 57783
48779 48784
62967 62987
25817 25831
-15702 -15682
24859 24863
63299 63320
11548 11554
-3044 -3036
-27889 -27869
62319 62338
45543 45593
-15736 -15715
-11294 -11279
60568 60582
60979 60993
63873 63891
-20515 -20506
35096 35103
50023 50056
52657 52678
11531 11565
62949 62989
-27416 -27389
63650 63688
58573 58602
-25303 -25299
4555 4583
65091 65106
45242 45278
14985 14988
-9357 -9328
6273 6320
1249 1285
-4438 -4390
33465 33507
37495 37497
34451 34474
23095 23099
36934 36983
19492 19520
12651 12659
19461 19471
-14742 -14715
36773 36786
16283 16290
3800 3801
-7120 -7074
23147 23190
25588 25604
42788 42806
-7141 -7106
21980 21993
29104 29148
53750 53763
36965 37005
49342 49356
63864 63865
52678 52706
9255 9299
-20981 -20970
49823 49846
-2668 -2630
16951 16987
41668 41690
-19531 -19527
-21144 -21139
64859 64876
-6654 -6642
44536 44552
30507 30531
65728 65737
2345 2349
65095 65110
42610 42657
26064 26088
43033 43068
9762 9771
-10490 -10471
28524 28555
-725 -716
14402 14425
-19308 -19305
21232 21256
52767 52782
12137 12151
25557 25574
32462 32508
22828 22871
36179 36224
43308 43326
18 50
-30270 -30266
-17159 -17124
-13466 -13435
65991 66026
49067 49107
16974 17014
19890 19939
17631 17658
21471 21520
49155 49192
-30615 -30607
-27602 -27583
-24050 -24038
-7595 -7567
58411 58437
27178 27186
-15160 -15124
8167 8198
-17497 -17469
20236 20247
-24312 -24279
51040 51054
54198 54199
20674 20704
24854 24857
-23977 -23976
44691 44740
8918 8940
26619 26626
58641 58650
58314 58361
15652 15692
-26658 -26613
35263 35266
29984 30007
29220 29262
65636 65679
-12311 -12297
645 653
2377 2408
-3852 -3835
62185 62211
35923 35959
-13014 -13007
15620 15623
9961 9982
14110 14145
53328 53345
2552 2601
-15394 -15368
41449 41490
54266 54278
-7201 -7154
29202 29212
-20375 -20357
-20821 -20773
35990 36029
45360 45397
28053 28076
19348 19375
-1778 -1765
46925 46926
-3350 -3331
41882 41921
19048 19051
49805 49827
47495 47527
58748 58787
40086 40092
67188 67218
-13504 -13471
-21221 -21213
22544 22562
5289 5338
11507 11537
10116 10142
-14516 -14482
67022 67042
-11393 -11346
39043 39059
43079 43109
-417 -368
48062 48073
44072 44083
-23788 -23784
26272 26296
-24430 -24402
-15980 -15961
33055 33057
66968 66997
45133 45169
47010 47037
4601 4620
63339 63374
-15691 -15641
31264 31283
40001 40031
-28178 -28135
-6752 -6705
28559 28575
25633 25667
21195 21235
59859 59891
7774 7776
-23949 -23923
41693 41710
3567 3597
-9437 -9398
-28185 -28135
-24854 -24834
-2519 -2490
6839 6850
-6610 -6563
22296 22304
38795 38815
67219 67256
40817 40840
-4905 -4880
33534 33560
-1207 -1178
35216 35248
22601 22645
-1613 -1578
54417 54435
62398 62417
-28730 -28725
36955 36957
2176 2181
44842 44858
16260 16286
19481 19489
-11608 -11597
-24277 -24228
25227 25247
54997 55013
15076 15088
-14924 -14916
65155 65178
-31609 -31571
55916 55941
42801 42827
-8823 -8818
62309 62319
49851 49893
29090 29110
-31795 -31749
25270 25318
13233 13255
-21442 -21396
9072 9121
16413 16432
38542 38587
3033 3060
59141 59159
-15039 -15017
-1918 -1875
-9797 -9770
233 237
35763 35799
-4256 -4239
33408 33428
5342 5383
65369 65383
65975 66016
52145 52155
-840 -792
-15061 -15027
29136 29180
20053 20101
45029 45033
46913 46943
9316 9361
18896 18915
-10230 -10211
-2416 -2411
53011 53042
-16514 -16509
45570 45598
32727 32750
-19403 -19402
49131 49135
62398 62420
43487 43522
-22191 -22158
-416 -404
50976 50995
32213 32218
4535 4540
36531 36564
-2094 -2072
60833 60853
19736 19779
53178 53215
-4858 -4815
-24442 -24423
18583 18629
-5182 -5144
-1571 -1548
42064 42087
-1888 -1856
41792 41830
-12299 -12259
-10155 -10120
1124 1149
16524 16525
-5558 -5529
-20805 -20783
-22222 -22172
-12474 -12451
23143 23180
49987 50012
22107 22129
17018 17068
5768 5803
-22055 -22028
24684 24726
4450 4464
55451 55475
-28375 -28355
36463 36486
-21070 -21035
10654 10668
64002 64049
-2586 -2536
46590 46618
66176 66221
55323 55343
61797 61832
-28170 -28158
63664 63697
-6037 -6022
57523 57545
48064 48081
31877 31885
-21809 -21768
-5866 -5840
6022 6048
3052 3073
-19915 -19868
19688 19718
59989 60003
60524 60534
20992 21019
-15696 -15647
10450 10458
-27828 -27791
55605 55644
17605 17632
67528 67542
41869 41902
59453 59469
-20128 -20089
62621 62667
59314 59320
52344 52361
15806 15836
3175 3203
48335 48354
24382 24417
-18031 -18020
-4523 -4520
-27922 -27879
59509 59543
24058 24067
62735 62783
-17358 -17357
31295 31323
19157 19207
35324 35356
15229 15249
46195 46242
63293 63310
33458 33481
-16640 -16601
-17819 -17810
26782 26805
46607 46630
33772 33809
11915 11917
53245 53260
7924 7956
64154 64198
64578 64602
44519 44550
51596 51602
17179 17213
27826 27845
4464 4509
23344 23382
36457 36465
64987 65035
-2661 -2620
53124 53154
21023 21060
-29808 -29802
49656 49706
-13565 -13517
-25481 -25455
-28231 -28214
63731 63779
-12691 -12686
4504 4536
-13765 -13760
-31789 -31767
24801 24815
-23900 -23882
36648 36698
-16941 -16934
16903 16932
-28451 -28420
49184 49201
29141 29174
64718 64759
37367 37409
-14497 -14473
46457 46460
-15964 -15932
-30009 -30008
43339 43351
-24999 -24983
27458 27508
58873 58891
65246 65281
-29849 -29826
50826 50865
20811 20838
64882 64910
-10454 -10413
66645 66654
39713 39758
-2730 -2692
-22426 -22406
-19191 -19153
-1609 -1603
56695 56696
-24256 -24216
-13709 -13686
-14086 -14056
34803 34812
-25359 -25352
-10964 -10949
-29390 -29368
-18603 -18555
-23731 -23713
-25612 -25604
-23719 -23702
13807 13824
-29036 -29007
-2506 -2463
60498 60501
10714 10748
63696 63700
40911 40960
10278 10326
5664 5680
51854 51874
29996 30009
39540 39564
27047 27074
59458 59485
-15433 -15420
50735 50764
66706 66726
48921 48925
-16360 -16343
-21411 -21388
65034 65050
-24010 -23961
51172 51174
-9398 -9364
11786 11812
14611 14640
24087 24129
-12756 -12715
18114 18148
-24358 -24308
-19956 -19945
57211 57219
50302 50341
32867 32882
-28471 -28424
2554 2559
-4278 -4247
61843 61855
-28887 -28867
46701 46707
-1989 -1979
-22184 -22170
23852 23888
-17191 -17154
-6963 -6945
35313 35326
45976 46016
-24009 -23966
-29298 -29291
46859 46889
30294 30339
-28062 -28022
36462 36505
43144 43176
-28408 -28371
59701 59720
67761 67793
23313 23315
19722 19735
52136 52159
-18349 -18346
-15956 -15948
19016 19046
-30560 -30554
64299 64319
-28554 -28530
-8769 -8744
57189 57208
-19769 -19723
40248 40273
59303 59323
28197 28230
49251 49254
-10314 -10270
-14170 -14166
-28773 -28732
-18972 -18939
48170 48182
41024 41064
-2156 -2114
-27853 -27849
-19050 -19008
67247 67252
-10568 -10535
67798 67819
53399 53419
-10588 -10576
-19225 -19212
4084 4115
28079 28102
-23484 -23481
24450 24464
-27065 -27057
56427 56435
-11403 -11370
25766 25771
228 240
26960 26991
29283 29309
-9071 -9059
46176 46203
-15610 -15589
49408 49441
-24430 -24410
8770 8813
56533 56541
14109 14147
2848 2882
-19824 -19776
35924 35947
60692 60718
-173 -164
42591 42613
35709 35744
62221 62246
-21316 -21311
-15475 -15432
64116 64155
300 318
-20313 -20308
39956 39976
34093 34101
-24962 -24946
-3253 -3232
50434 50451
-2754 -2745
-9839 -9833
33096 33102
-5252 -5235
39740 39761
58216 58251
-9411 -9371
-15988 -15967
-16571 -16523
50772 50792
29135 29151
47037 47087
28830 28859
-27297 -27259
13371 13405
-10216 -10208
-19019 -18995
64960 65001
12691 12714
57219 57262
29955 29979
49016 49042
45275 45312
8154 8165
-14679 -14657
7893 7939
-8143 -8139
-13668 -13657
-11461 -11411
-12919 -12904
37112 37143
19025 19066
-7442 -7392
-31649 -31629
-7853 -7805
55210 55218
34105 34128
8586 8628
8660 8703
21420 21469
-23087 -23054
34908 34943
-16050 -16020
-22767 -22737
49554 49575
15617 15652
39585 39630
2618 2619
3922 3961
62353 62391
16022 16062
61661 61707
802 834
23918 23955
40163 40170
16607 16652
14583 14625
61904 61935
-27531 -27519
23979 24016
21512 21550
59582 59599
-8026 -7994
-16809 -16770
54723 54741
-10832 -10816
4882 4930
20629 20639
-27364 -27344
6975 7015
-21771 -21753
37473 37495
52391 52440
-27925 -27889
13000 13021
30729 30748
62452 62497
23213 23246
11625 11638
13611 13648
24854 24884
31966 31988
47638 47679
3245 3286
-21727 -21709
4331 4366
43129 43145
14271 14287
41626 41648
-24082 -24044
62625 62671
41059 41103
36115 36163
51167 51180
12847 12868
17474 17497
34767 34796
7841 7863
-21125 -21121
40335 40355
14681 14683
-750 -737
-14101 -14056
54212 54228
14505 14523
15368 15376
4166 4197
24223 24247
33820 33831
7380 7428
40927 40961
-10642 -10606
21353 21360
-7221 -7204
21862 21885
18847 18880
-10524 -10492
2395 2427
57863 57874
52355 52374
17427 17465
-1822 -1802
18484 18516
19209 19241
-17545 -17540
-20354 -20353
23482 23522
-5375 -5330
-1609 -1599
43817 43852
-4530 -4487
-13040 -13029
26843 26853
1326 1360
-12316 -12278
30621 30633
-4236 -4234
30985 30995
32544 32591
7293 7332
12181 12198
39287 39319
30461 30494
-15531 -15529
44247 44275
50439 50476
64747 64789
20846 20876
67802 67852
50348 50386
7428 7472
-13358 -13330
54902 54915
-19603 -19586
24889 24900
44946 44958
57275 57309
32051 32052
11601 11638
43455 43474
21095 21105
21654 21662
-3102 -3079
-25287 -25241
-24046 -24045
-5694 -5670
27579 27616
6680 6711
-414 -381
48622 48643
-17068 -17023
40227 40230
-21377 -21354
29287 29298
-11076 -11055
1801 1812
41953 41999
50489 50524
-14800 -14788
-25812 -25772
32046 32070
24187 24200
21945 21967
40647 40668
-13111 -13079
27341 27384
-22398 -22388
42404 42425
45421 45455
36370 36401
48904 48920
-8370 -8340
63017 63035
34790 34832
66185 66221
26345 26380
-29528 -29499
-4144 -4143
6611 6652
55421 55455
67754 67764
59841 59872
-5860 -5832
26758 26789
-19566 -19535
24628 24646
-254 -250
4314 4326
63265 63276
-6526 -6476
-28298 -28274
-22384 -22365
46367 46394
23072 23097
63366 63414
-11689 -11666
51885 51918
41735 41764
5310 5318
3668 3702
13019 13047
60652 60697
51522 51551
40165 40204
6912 6929
-14346 -14315
50522 50552
-6987 -6985
47677 47726
35039 35043
61058 61106
-4724 -4713
27283 27311
50528 50558
51336 51358
41011 41017
52712 52719
13477 13491
-18698 -18656
23059 23066
65302 65315
33534 33556
-22769 -22721
25530 25536
67041 67077
-30779 -30739
34385 34406
27878 27900
46555 46586
43040 43080
-28258 -28241
36930 36968
-28579 -28554
19089 19114
-7851 -7805
17796 17808
-19088 -19045
41029 41030
22180 22213
-28464 -28458
40077 40118
40056 40091
57857 57901
7066 7082
22096 22099
35455 35483
14122 14145
39878 39893
14243 14284
40103 40104
25917 25924
-2006 -1974
-31959 -31957
-31885 -31866
62951 62981
5726 5731
-18043 -18025
25087 25132
38043 38085
-24305 -24259
6454 6469
48088 48126
-16392 -16364
2387 2412
38746 38784
43402 43446
66098 66107
13434 13476
-12015 -11966
54572 54598
-22854 -22834
41151 41161
51835 51860
40597 40619
-24216 -24212
58759 58768
-3693 -3690
52051 52080
62261 62277
-71 -38
-31467 -31450
-7638 -7595
25339 25379
-2351 -2311
7541 7576
39334 39341
-27649 -27610
48992 49014
66795 66834
11119 11160
23879 23918
-16544 -16520
-13757 -13752
-7548 -7513
-20002 -19991
35282 35299
-23208 -23170
-30808 -30792
4790 4830
29754 29790
44385 44421
41677 41696
38812 38842
-9444 -9428
-41 -15
6509 6546
46671 46699
-19379 -19347
-29341 -29291
40717 40743
36970 36981
-12682 -12657
-18792 -18757
6804 6832
20011 20039
33075 33095
40485 40511
-6213 -6164
-5804 -5763
58148 58153
61931 61948
-12677 -12666
-10763 -10755
-22003 -21967
-30750 -30709
26267 26288
34051 34067
22108 22150
-12338 -12293
-13082 -13047
7845 7882
46546 46586
-21864 -21858
38746 38791
10626 10655
61113 61120
8278 8323
-19247 -19199
58848 58856
26869 26902
3728 3768
29747 29792
-20246 -20212
64488 64523
57039 57073
-21201 -21176
18431 18477
60897 60933
47012 47025
-24684 -24662
44583 44622
59043 59062
-13863 -13850
46844 46881
41384 41415
20543 20553
25024 25069
48175 48191
-8731 -8689
55346 55366
34182 34196
-22217 -22197
7724 7747
47355 47356
30932 30951
-22154 -22109
42759 42765
28598 28620
-19208 -19187
16273 16290
67270 67310
39631 39670
654 661
-3436 -3408
-28256 -28250
-28930 -28926
22002 22037
-17027 -17005
54056 54087
61232 61251
22696 22739
842 852
41247 41265
-15841 -15795
6261 6290
11894 11920
15623 15661
52991 53024
22270 22320
43072 43121
-13763 -13728
50945 50992
2901 2927
30657 30682
-31051 -31024
32252 32285
59464 59496
-1685 -1681
62669 62683
60087 60109
19148 19169
30102 30127
-17979 -17951
7025 7030
59595 59617
-1353 -1312
-21702 -21693
39656 39696
-17118 -17068
-4048 -4017
-29565 -29535
-27233 -27232
18945 18962
-2876 -2863
7387 7415
42138 42181
-16933 -16930
63815 63830
-8815 -8781
-24313 -24286
55520 55563
45638 45662
63681 63713
8857 8860
20405 20421
28179 28197
57154 57168
19931 19941
-14479 -14443
52063 52108
48700 48701
25510 25550
50708 50737
20800 20837
-8557 -8554
20725 20775
12377 12408
703 719
39911 39940
-11287 -11257
-7198 -7179
56695 56744
8478 8488
-17496 -17483
-8477 -8475
-16047 -16025
41859 41875
32101 32137
-29741 -29717
-22191 -22168
50295 50344
18622 18665
42957 42978
51169 51179
49000 49006
43160 43168
-28698 -28680
-11648 -11600
-11991 -11978
49685 49725
60459 60486
-14134 -14098
61597 61646
14511 14536
22678 22708
42374 42405
58971 58982
26934 26965
-9329 -9314
-21027 -21009
37593 37606
34271 34284
49350 49357
65526 65541
-16917 -16902
35157 35168
32982 33032
31794 31838
49354 49367
33173 33197
-17702 -17693
-22485 -22448
60703 60715
-24054 -24023
31893 31931
55293 55327
-25133 -25112
18070 18080
56223 56230
47427 47444
60097 60124
46897 46912
-28400 -28371
-27081 -27032
7068 7100
62848 62850
46567 46601
-5017 -4989
23613 23641
-26500 -26456
-27978 -27928
29437 29439
41793 41829
-22898 -22875
-13448 -13443
37683 37721
46246 46254
43697 43746
-5950 -5908
-21654 -21642
39902 39913
22495 22497
49488 49535
-10659 -10637
17255 17258
23218 23255
